1958858442
1607044815
2360509877
3705670157
1207079847
2029257977
1043569157
1642549078
14504611
4143421506
266703831
516367974
2476178605
689938523
3112075033
4213848423
19773143
774211676
1084804503
3721910771
962626480
1734074862
2561451628
309890692
3490287735
2399579034
1922484430
1929498794
2927134848
3096723577
573233890
3431519742
1722897015
2398597437
717328158
2043381730
2274441100
1943331063
42905622
3364675944
791304179
2665021903
2631988749
3044803396
2943384149
2058546534
1864452344
253120684
512340916
4033530116
1478030551
1529430512
2779775913
2888535099
2181629142
588855532
2451992622
2002916818
3454236699
1761268415
3354518796
757193556
3367675678
1890789199
1171333459
4268172773
1525271639
3144171856
1218483509
2570110730
2626502680
3941156656
3316209918
752822847
1895354028
324631345
3165833367
385527200
3179623741
371120017
4903119
1787944349
1914228849
3227197827
2351024893
274548644
3839711926
459905492
572948091
657218341
2362557156
1240865727
4282908517
406487851
875196102
568583585
1750461587
4180642789
1735867642
123012321
2114342434
2766958342
3960507266
1422115636
4183238464
83003424
3123866532
2185189273
2169844475
3516487502
2158168400
2669668972
2566927751
3385653753
3292908059
3530222318
4172579832
772711736
2771193344
3375417507
756870595
3195364046
3107132551
1000926568
4209117080
4194928139
1593377707
555979262
3495795196
4081230648
942385391
4146371133
4280729421
3542120446
772228834
522506064
1872362812
1571528904
2309052884
2182576912
3303324224
1033150146
2621584492
223519669
2311153433
2705207348
2379265576
2346487137
2965332395
381559363
318574693
377733423
415692401
44695321
3989187945
1749731141
457792282
948465409
2223481499
11227936
3905358633
2216501273
2009480927
3097330899
1966847985
3200624715
3437018259
3667152172
41695265
3295574489
3745963787
1778442907
4117473508
3218609426
1110633753
446530531
3377245876
3355880844
3486499871
3895022032
2164053387
2843238783
413513145
3321727410
2894046054
3351455979
2594078611
1157381125
3212990940
1139146531
1652835856
27762702
373862769
2570537318
950356649
2278195310
3714363500
1089377306
658272
2517265624
361980128
3641970175
3796623318
1987574929
128101184
627736917
220340693
2900009827
4250434512
2355900338
1571117590
3348722876
1727433851
4259684617
674954678
2223986492
2775433429
1253054505
3482566908
1477555848
4163336275
1627048632
249935754
2412706241
3706382873
3831768310
2817456381
3263578320
968039359
1419778637
814233639
1945748127
39255989
1479672973
3175363331
325835219
1402821450
319618627
2686538781
3657042269
1174645959
4014502315
982020304
2330902292
2346731861
3174873710
3066079250
3217153928
985518469
204118642
1389916615
955499247
201829340
3855552639
4224977563
1375857274
4285723274
4233807206
1370585313
1520473132
3859218413
1630287056
3044368448
2928722055
3204576049
3775516144
2637608496
1105840218
428385032
1757048326
3947949294
2934364150
459185303
329934342
3360947082
3069271988
4143176833
2515587900
3238422178
2654742264
2166656446
2807610560
3539502863
2670733042
1034696593
2832144046
446093059
829270805
4238010500
2761014922
3929489126
361288778
923895829
2452612520
4134640405
2011416380
1423834999
2783217842
3021417922
3836550963
860095910
3368487087
1598035384
4199685174
32722723
3639312818
1525065282
3659813091
1674548469
2755508218
1065766118
157814552
3413820247
3802942311
18673694
2789249058
879557393
2790403454
3807983213
2696532411
493014524
1891243878
3435292959
2161720618
1476439361
2078254474
1234254867
1656067574
269296137
2359006328
4209036160
2037151666
804835036
2351612460
467034518
1803201274
1084492041
3439063307
4020503924
3696656837
2661308285
1677494150
1734313475
1079382014
1489072141
3479355721
2137826425
3232715549
1353569718
3799398761
401762150
352816693
1406426976
199441492
3388258251
3572286331
3246260754
430121659
138798617
2081474838
2568226277
2576096869
968636673
3667571699
674828594
3229245399
478342980
1868294610
3110091105
3917714765
3079028041
648092109
4063057194
1107117506
644661000
821931547
1719661122
4152248857
151938440
4123720166
636469026
3539674707
3273412084
1817377551
1531797528
2321061488
3402642461
1246971459
2611459000
3148620463
2090185032
4069411838
126674968
817131003
220978418
697539159
293851486
4166549268
3684852110
3712327358
502114665
2143888946
2498085231
2042351968
4049141842
3693835896
3344404983
2740857448
546097978
2383300877
1998604827
865131720
818802035
1072645961
1636825899
892120147
794790368
2101847479
3262020831
4131304406
1706526715
2395309892
1170835724
1272288677
3420456489
520837640
1260283333
3946584633
3722624099
1830778437
2956597896
423390818
362889987
1948636476
1103447312
3485732113
369583382
167894643
2185549084
2529042039
747817649
3704743154
2099080233
3496029634
2125664975
1121371255
1757106920
2864554534
3498683310
51773925
1402704691
3195523991
3941104547
598624124
4042302076
3070543656
3923336377
3198326285
2935147436
3406775653
2548499025
1767796055
1975828333
4272666210
3198049638
2408894034
4196663241
3415178146
1714931885
987233679
443844359
2151944407
3087944077
2903173587
3128921445
3093611830
3787745750
3647720702
3961407190
2097730498
3273820372
3119211584
2867279385
2893921385
3032199348
2655127494
3102746021
1684280141
2152730735
2595919611
3642977463
1547292835
1075936642
519503990
371999933
2668129348
568546013
3004558117
2044423310
1683649160
