1012341811
616824328
939981239
1229894612
2033069543
60512645
3799209901
726088564
2473016453
4115890736
2886448876
3560426898
2690496152
3254441448
2032461603
876329662
372689443
362839276
4069574580
2895068917
1076783265
3868598111
3995654049
1201235798
136864379
1421511874
1843904545
3794480552
4174193279
1937915570
2568728424
2724119630
2049909910
832231346
3138673433
1252203401
39992814
1527242834
2852080262
2652806945
3197860290
432952659
3219565305
1005847399
1622031083
1597899783
3376104489
1970111775
1887222885
2563034895
2374382749
1739315596
1459276910
183700403
1692937950
2601576927
2568615660
2842501582
1987413982
620287751
672526774
1971252560
3492703258
2889252489
1717947274
87349674
3382026101
315277160
3430598407
3026719340
3270869512
1226707760
1880038002
806478979
2405405388
3617253988
3559791843
1522661772
3438927271
2661019739
2871348122
2191697994
2347872386
1642095877
3569018664
3514683677
471731295
3152278819
702523794
1608825120
1805004617
633258091
3330831649
2674515132
3278245238
2750011317
611326189
2527467307
2833698197
3457908480
3599255036
3611130981
2408649641
3998769186
1171624424
4063088583
3344062126
2026426545
216724202
2698536580
637444264
1776782716
3433855696
2440860134
1999553365
1562192552
3378130099
2048510545
2864871027
758741343
2237958846
431892778
523979594
1370427912
107725361
1791158625
3068253721
4235348853
3892372454
1086428369
488774764
483486368
1975983675
1200621881
198640587
974078050
4134749313
1005531194
798832737
4042743831
2545467898
3123552566
2530027149
86972247
4176724647
3169902374
3253881869
1449132987
2976781579
175174594
1865320675
512801224
1473148072
2886989433
3892044368
2587393700
3605567361
2224497212
2783260874
2713134731
3167597189
3900494077
2397278256
2365148150
2703930703
2936237999
2576540112
2783911061
1362458069
2268911937
2205603313
3505253273
2567097236
2123172325
122444533
3257337289
1243607205
2743192005
1216131930
2329253600
3308607159
3082966674
772712954
3712157344
3621985384
2879052245
579167444
3655327192
2017358036
3752212655
1117684550
2321331794
136193629
779782068
85440846
505910010
1962587159
3066690324
1577579346
568727904
205860954
1404135700
2363322530
3696617358
3235459188
3794585029
2371252447
3216548372
1612510559
1501702074
158168989
2816968143
3135697330
3131294050
954017386
1768485062
3221826043
1783191897
3221610998
2500476624
882914462
3121470646
3894671897
2621296844
1961466379
260798243
3150299394
418487532
4121885409
2230279420
2924082657
4230534513
945041168
3328491135
1716755250
1109520117
723915046
2161893009
369163303
503549429
2637722929
1425495161
2617696613
4094932346
1083089809
3733273745
1238476832
2090409535
1063099150
1907777675
3260933642
3478088724
1288149415
1421730918
1278939563
421161441
3964732180
241993195
853934408
866844816
2633865700
1003500123
3491828252
3274237942
2038251093
1693327755
142535178
3179315126
401897885
2643947340
3594594666
2778512715
4086007302
3227282305
1073932709
2130422116
3270995420
3495359990
466484776
775362218
3911312390
3254466298
1864869492
3372287018
3333743150
3161079768
2517948012
389906211
1728600843
2739410711
2423077534
2968308090
2399655156
3965084292
2786028395
540184074
3722082931
326521650
1289543640
2970855587
3687426453
3451389925
1898417721
879239002
3129792659
420016026
2437854765
4149757875
939103403
2292125621
945788850
19308118
927346716
1212555417
1927578000
2588324920
1051264909
2939358176
4115691276
3663829071
1240711263
1414808909
2591898196
4050327624
1613125652
2903446255
3050437010
3358518964
2828585107
1538329013
1107761550
2276342094
1728203088
3315585943
3114319203
3729504658
2276690739
2212395624
2097228115
925375882
1933876167
1931376672
3447631645
389092781
923941605
4033308782
970350965
4086084485
619948724
3478595938
4055698115
1731880839
3247087677
2858324490
3527383154
614451864
1793612601
174361772
2091388598
937514961
3600166811
312852139
350911327
800899061
4207253747
2366508212
990623579
3073784368
1031468321
2295785307
1606257055
1817027046
2567784905
2734155849
3098011587
197459519
1244424598
3362659036
2017487278
1690598347
4177577795
1461041851
3677571560
1688411864
4171155365
896457426
3984441216
4292790644
627256031
2678164402
1292536201
1613358734
1691304657
3454021757
1599052294
3412655512
519913169
3396153000
1427679196
922095275
2450343539
2298376565
2449936903
1074911541
129707613
2956606576
4098383517
3641854478
1328721686
1555498558
2849280365
2867612269
4107670899
629845151
3732943477
2917864849
2391015565
2876903189
2787205131
3728549795
3422072064
2106560144
4110407830
3446614143
2690381144
2250927366
3324915837
3084256079
2484474467
976604843
4161178389
1105828258
726856801
697210923
967950636
3426303409
3746046851
2775137617
1485900802
2230681983
152137122
2627324702
4236473293
2859821998
1688804568
3325635293
4197542639
3552657719
3319850820
2924733034
3621308928
1249886391
869645110
1368646982
491390290
3435099663
2636056657
3650853564
3628868480
3247983622
1105120510
1403480985
3907442762
1656145758
2275069122
2334438169
1790372387
116232096
175602117
3380508678
2821122015
1043718720
3730515083
3802764884
1407042699
2809205604
2913210689
2496906643
4237686817
2924750695
689519082
999984251
1156441819
686210510
3236024678
1077188463
3818585849
1284108802
501382803
923886831
3808726634
1886743564
1055609783
2922837333
823055240
4027214852
3253923171
403358746
392751905
3464758038
